     1    1   74    2    2    1    1    2    2
     1    0   75    2    1    1    1    3    1
     1    0   74    2    1    1    1    3    1
     1    0   74    2    1    1    1    3    1
     1    0   75    2    2    1    1    2    2
     2    1   67    2    2    1    1    1    2
     2    0   67    2    2    1    1    1    1
     2    0   67    2    1    1    2    2    2
     2    0   67    2    2    1    1    1    1
     2    0   68    2    2    1    1    1    2
     3    1   76    3    2    1    2    2    2
     3    0   76    3    2    1    2    2    2
     3    0   76    3    2    1    2    1    2
     3    0   76    3    2    1    2    2    2
     3    0   77    3    2    1    1    1    2
     4    1   71    2    2    1    1    3    1
     4    0   70    2    2    2    1    1    2
     4    0   70    2    2    1    1    1    2
     4    0   71    2    2    1    2    2    2
     4    0   70    2    2    1    1    2    2
     5    1   69    2    2    2    1    2    2
     5    0   69    2    2    1    2    1    2
     5    0   69    2    2    1    1    2    2
     5    0   69    2    2    1    1    1    2
     5    0   68    2    1    1    1    3    1
     6    1   70    2    2    1    2    2    2
     6    0   71    2    1    1    1    1    1
     6    0   71    2    2    1    2    2    2
     6    0   70    2    1    1    1    2    1
     6    0   71    2    1    1    1    3    1
     7    1   65    2    2    2    1    1    2
     7    0   65    2    1    1    1    3    1
     7    0   64    2    2    1    1    1    2
     7    0   64    2    2    1    1    1    2
     7    0   65    2    2    1    1    2    1
     8    1   68    2    2    2    2    2    2
     8    0   68    2    1    1    2    3    2
     8    0   68    2    1    1    1    2    2
     8    0   68    2    2    2    1    3    1
     8    0   68    2    2    1    1    3    2
     9    1   61    1    1    1    1    3    2
     9    0   61    1    1    1    1    2    2
     9    0   61    1    2    1    1    1    2
     9    0   61    1    1    1    1    3    2
     9    0   60    1    1    2    1    1    1
    10    1   64    1    2    1    1    2    2
    10    0   64    1    1    1    1    3    1
    10    0   65    1    2    1    2    3    2
    10    0   64    1    2    1    2    2    2
    10    0   65    1    1    1    1    3    1
    11    1   68    2    2    2    1    2    2
    11    0   69    2    1    1    1    3    1
    11    0   69    2    1    1    1    2    2
    11    0   69    2    2    2    2    2    2
    11    0   69    2    2    2    1    2    1
    12    1   74    2    2    1    1    1    2
    12    0   74    2    2    1    2    1    2
    12    0   73    2    2    1    2    1    2
    12    0   74    2    2    1    1    2    2
    12    0   74    2    2    1    1    2    1
    13    1   67    2    2    2    1    2    2
    13    0   68    2    2    1    2    1    2
    13    0   68    2    2    1    2    2    2
    13    0   68    2    1    1    1    3    1
    13    0   68    2    2    1    1    2    2
    14    1   62    1    2    2    1    1    2
    14    0   62    1    1    2    1    1    1
    14    0   63    1    1    1    1    2    1
    14    0   63    1    1    1    1    3    1
    14    0   63    1    2    1    1    2    1
    15    1   71    2    2    2    1    2    2
    15    0   70    2    1    1    2    2    2
    15    0   71    2    2    1    1    2    2
    15    0   71    2    1    1    2    2    2
    15    0   71    2    2    1    2    2    2
    16    1   83    3    2    1    2    2    2
    16    0   82    3    1    1    1    2    1
    16    0   82    3    2    1    2    1    2
    16    0   82    3    1    1    2    1    2
    16    0   82    3    1    1    1    3    1
    17    1   70    2    1    1    1    2    2
    17    0   70    2    2    2    2    2    2
    17    0   70    2    2    1    2    2    2
    17    0   70    2    2    1    2    2    2
    17    0   70    2    1    1    2    2    2
    18    1   74    2    2    1    1    1    2
    18    0   75    2    2    2    2    1    2
    18    0   74    2    1    1    1    2    2
    18    0   74    2    2    1    2    1    2
    18    0   75    2    1    1    1    3    1
    19    1   70    2    2    1    1    3    2
    19    0   70    2    2    1    2    1    2
    19    0   70    2    1    1    1    3    1
    19    0   70    2    1    1    1    3    2
    19    0   70    2    1    1    1    3    1
    20    1   66    2    2    1    2    2    2
    20    0   66    2    2    1    1    3    2
    20    0   66    2    1    1    1    3    2
    20    0   66    2    1    1    1    2    1
    20    0   66    2    2    1    2    2    2
    21    1   77    3    2    1    1    2    2
    21    0   77    3    2    2    2    2    2
    21    0   77    3    2    1    2    1    2
    21    0   77    3    1    1    1    2    1
    21    0   78    3    2    1    2    2    2
    22    1   66    2    2    1    2    1    2
    22    0   67    2    1    1    2    1    2
    22    0   66    2    1    1    1    2    2
    22    0   67    2    1    1    1    2    2
    22    0   69    2    2    1    2    2    2
    23    1   71    2    2    1    2    2    1
    23    0   72    2    1    1    1    3    1
    23    0   72    2    1    1    1    1    2
    23    0   71    2    1    1    1    3    1
    23    0   71    2    1    1    2    2    2
    24    1   80    3    2    1    1    1    2
    24    0   79    3    1    1    1    3    1
    24    0   79    3    1    1    1    1    1
    24    0   79    3    1    1    1    2    1
    24    0   80    3    1    1    1    1    1
    25    1   64    1    2    1    1    2    2
    25    0   64    1    2    1    1    1    2
    25    0   63    1    2    1    1    2    2
    25    0   64    1    2    1    2    1    2
    25    0   66    1    2    1    2    2    2
    26    1   63    1    2    1    1    1    2
    26    0   63    1    2    1    2    1    2
    26    0   65    1    2    1    1    1    1
    26    0   65    1    1    1    1    1    2
    26    0   64    1    2    1    1    1    2
    27    1   72    2    1    2    1    2    2
    27    0   72    2    1    1    2    3    1
    27    0   72    2    1    1    2    2    2
    27    0   72    2    2    1    2    1    2
    27    0   72    2    2    1    2    2    2
    28    1   57    1    2    1    1    1    1
    28    0   57    1    2    1    2    2    2
    28    0   58    1    2    1    1    2    2
    28    0   57    1    2    1    1    1    1
    28    0   57    1    2    1    1    1    1
    29    1   74    2    1    2    1    2    2
    29    0   74    2    1    1    1    2    2
    29    0   73    2    2    1    1    2    2
    29    0   75    2    1    1    1    2    2
    29    0   75    2    1    1    1    3    1
    30    1   62    1    2    1    2    2    2
    30    0   62    1    2    1    1    2    2
    30    0   62    1    2    1    1    2    2
    30    0   63    1    1    1    1    3    1
    30    0   61    1    2    2    2    2    2
    31    1   73    2    2    1    2    2    2
    31    0   72    2    2    1    1    1    2
    31    0   73    2    2    1    1    1    2
    31    0   73    2    2    1    2    1    2
    31    0   73    2    1    1    2    1    1
    32    1   71    2    2    1    2    2    2
    32    0   71    2    1    1    1    3    1
    32    0   71    2    1    1    1    1    2
    32    0   71    2    1    1    1    1    2
    32    0   71    2    2    1    2    1    2
    33    1   64    1    1    1    2    2    2
    33    0   65    1    2    1    1    2    2
    33    0   64    1    2    1    1    2    2
    33    0   64    1    2    1    1    2    2
    33    0   64    1    2    1    1    2    1
    34    1   63    1    2    1    1    1    2
    34    0   64    1    1    1    1    2    2
    34    0   62    1    1    1    1    2    2
    34    0   64    1    2    2    1    1    1
    34    0   64    1    2    1    2    2    2
    35    1   79    3    2    2    2    2    2
    35    0   78    3    2    2    2    2    2
    35    0   79    3    1    1    1    2    2
    35    0   79    3    2    1    2    1    2
    35    0   78    3    2    1    1    2    2
    36    1   80    3    2    1    1    2    2
    36    0   81    3    1    1    2    2    2
    36    0   81    3    2    1    2    1    2
    36    0   80    3    2    1    1    2    2
    36    0   80    3    1    1    2    2    2
    37    1   82    3    2    1    2    2    2
    37    0   82    3    1    1    1    2    2
    37    0   81    3    1    1    2    3    2
    37    0   81    3    2    1    2    2    2
    37    0   82    3    2    1    2    2    2
    38    1   71    2    2    1    2    1    2
    38    0   71    2    1    1    2    2    2
    38    0   71    2    1    2    1    2    2
    38    0   71    2    2    2    1    2    2
    38    0   71    2    2    1    1    1    2
    39    1   83    3    2    1    2    2    2
    39    0   83    3    1    1    2    2    2
    39    0   83    3    1    1    1    1    2
    39    0   83    3    2    1    2    2    2
    39    0   83    3    1    1    1    1    2
    40    1   61    1    2    1    2    1    2
    40    0   60    1    1    1    1    1    2
    40    0   61    1    2    1    1    1    2
    40    0   62    1    1    1    1    2    2
    40    0   61    1    2    1    1    1    2
    41    1   71    2    2    1    1    1    2
    41    0   71    2    1    1    1    2    1
    41    0   71    2    1    1    2    2    1
    41    0   70    2    1    1    1    1    1
    41    0   71    2    2    1    2    2    2
    42    1   69    2    2    1    2    2    2
    42    0   69    2    1    2    1    2    2
    42    0   70    2    2    1    2    1    2
    42    0   70    2    2    1    2    1    2
    42    0   70    2    2    1    1    2    2
    43    1   77    3    2    1    1    2    2
    43    0   76    3    2    1    2    1    2
    43    0   76    3    2    1    2    2    2
    43    0   77    3    2    2    2    2    2
    43    0   77    3    1    1    2    1    2
    44    1   64    1    2    1    1    2    1
    44    0   64    1    2    1    1    2    1
    44    0   63    1    1    2    1    2    1
    44    0   63    1    2    1    2    1    2
    44    0   63    1    1    1    2    2    2
    45    1   79    3    1    2    1    1    1
    45    0   82    3    2    1    1    2    2
    45    0   78    3    1    1    1    1    1
    45    0   80    3    1    1    1    2    1
    45    0   81    3    1    1    1    1    1
    46    1   72    2    2    1    1    1    2
    46    0   72    2    2    1    1    2    2
    46    0   73    2    1    1    1    3    1
    46    0   73    2    2    2    2    1    2
    46    0   73    2    1    1    1    1    2
    47    1   82    3    2    2    2    2    2
    47    0   81    3    1    1    1    3    1
    47    0   81    3    1    1    1    2    1
    47    0   81    3    2    1    1    2    2
    47    0   81    3    1    1    2    2    2
    48    1   73    2    2    1    2    2    2
    48    0   74    2    2    1    1    2    2
    48    0   75    2    1    1    1    1    2
    48    0   75    2    2    1    2    2    2
    48    0   74    2    1    1    1    1    1
    49    1   69    2    2    1    1    3    2
    49    0   68    2    1    1    1    1    2
    49    0   68    2    2    1    1    2    2
    49    0   68    2    2    1    1    1    1
    49    0   70    2    1    1    1    1    1
    50    1   79    3    2    1    2    2    2
    50    0   79    3    1    1    2    2    2
    50    0   79    3    1    1    2    2    2
    50    0   78    3    2    2    1    2    2
    50    0   79    3    1    1    1    2    2
    51    1   72    2    2    1    1    2    1
    51    0   71    2    2    1    1    1    2
    51    0   72    2    1    1    1    1    2
    51    0   72    2    2    1    2    2    2
    51    0   71    2    2    1    2    2    2
    52    1   72    2    2    1    2    2    2
    52    0   72    2    2    1    2    2    2
    52    0   71    2    1    1    1    3    1
    52    0   72    2    1    1    2    2    2
    52    0   72    2    1    1    2    2    2
    53    1   65    2    2    1    2    2    2
    53    0   67    2    1    1    1    1    1
    53    0   67    2    1    1    1    3    1
    53    0   66    2    1    1    1    2    2
    53    0   66    2    2    1    1    1    1
    54    1   67    2    2    1    2    2    2
    54    0   66    2    2    1    1    2    2
    54    0   66    2    1    1    1    2    1
    54    0   67    2    2    1    1    2    2
    54    0   67    2    2    1    1    2    2
    55    1   64    1    2    2    1    2    2
    55    0   63    1    1    1    1    2    2
    55    0   64    1    2    1    1    2    2
    55    0   63    1    1    1    1    2    2
    55    0   65    1    1    1    1    3    1
    56    1   62    1    2    1    1    3    1
    56    0   63    1    1    1    1    2    1
    56    0   62    1    1    1    1    1    2
    56    0   62    1    2    1    1    3    1
    56    0   62    1    1    1    1    3    1
    57    1   83    3    1    2    2    3    2
    57    0   83    3    1    2    1    3    1
    57    0   82    3    2    1    1    1    2
    57    0   83    3    1    1    1    3    2
    57    0   83    3    1    2    1    3    2
    58    1   81    3    2    1    1    2    2
    58    0   79    3    1    1    1    3    1
    58    0   80    3    1    1    1    2    2
    58    0   82    3    1    1    1    2    2
    58    0   80    3    1    1    1    1    1
    59    1   67    2    2    1    1    2    2
    59    0   66    2    2    1    1    2    2
    59    0   68    2    1    1    1    3    2
    59    0   65    2    1    1    1    1    2
    59    0   66    2    2    1    2    2    2
    60    1   73    2    2    2    2    2    2
    60    0   72    2    2    1    1    2    2
    60    0   71    2    2    1    1    2    2
    60    0   73    2    2    2    1    1    2
    60    0   72    2    1    1    1    2    2
    61    1   67    2    2    2    1    1    2
    61    0   67    2    2    2    1    2    2
    61    0   68    2    1    1    1    2    1
    61    0   67    2    1    1    1    2    1
    61    0   67    2    1    1    1    2    2
    62    1   74    2    2    1    2    2    2
    62    0   75    2    1    1    1    1    2
    62    0   75    2    1    1    1    3    1
    62    0   75    2    1    2    2    1    2
    62    0   75    2    2    1    1    1    2
    63    1   68    2    2    2    1    2    2
    63    0   69    2    2    1    1    2    2
    63    0   70    2    1    1    1    3    1
    63    0   69    2    2    1    2    2    2
    63    0   69    2    2    1    2    1    2
